%YAML:1.0
---
camera_matrix: !!opencv-matrix
   rows: 3
   cols: 3
   dt: d
   data: [ 7.9904603362335365e+02, 0., 3.0819911408053173e+02, 0.,
       7.9114935266153600e+02, 2.0242338445050692e+02, 0., 0., 1. ]
distortion_coefficients: !!opencv-matrix
   rows: 5
   cols: 1
   dt: d
   data: [ -7.7607293294319590e-01, -7.6563153006358381e-02,
       2.7564486420769196e-02, -3.2899631355775591e-03,
       6.7345026787726932e+00 ]
avg_reprojection_error: 4.0782674195211660e-01
